0 0.0325 0.3716666666666667 0.06 0.10333333333333335
0 0.08750000000000001 0.3566666666666667 0.05 0.08
0 0.05375 0.3166666666666667 0.0425 0.06666666666666667
0 0.22375 0.33333333333333337 0.0625 0.1
0 0.19375 0.31833333333333336 0.0425 0.07
0 0.31375000000000003 0.3066666666666667 0.0375 0.060000000000000005
0 0.34500000000000003 0.33 0.05 0.08
0 0.41500000000000004 0.305 0.03 0.05
0 0.42875 0.33333333333333337 0.0325 0.060000000000000005
0 0.5437500000000001 0.3416666666666667 0.0525 0.07666666666666667
0 0.6325000000000001 0.3116666666666667 0.04 0.06333333333333334
0 0.72 0.3616666666666667 0.075 0.1366666666666667
0 0.8512500000000001 0.3416666666666667 0.0725 0.12333333333333334
