0 0.63 0.14674634794156705 0.08 0.054448871181938904
0 0.232 0.8897742363877822 0.168 0.12217795484727755
0 0.08600000000000001 0.8718459495351925 0.124 0.10491367861885789
0 0.227 0.7934926958831341 0.158 0.08632138114209827
0 0.169 0.7722443559096945 0.122 0.08632138114209827
0 0.395 0.7875166002656042 0.094 0.09296148738379813
0 0.499 0.8120849933598937 0.08600000000000001 0.08100929614873838
0 0.884 0.8134130146082337 0.152 0.12616201859229748
0 0.621 0.8419654714475431 0.226 0.17795484727755642
0 0.7020000000000001 0.7855245683930943 0.17200000000000001 0.12350597609561752
