0 0.8345864661654135 0.7698412698412699 0.07218045112781955 0.11111111111111112
0 0.9834586466165414 0.7222222222222222 0.0330827067669173 0.07936507936507936
0 0.6827067669172933 0.717687074829932 0.05714285714285715 0.09297052154195011
0 0.7578947368421053 0.7222222222222222 0.05413533834586466 0.07482993197278912
0 0.7849624060150376 0.6360544217687075 0.03609022556390978 0.061224489795918366
0 0.8443609022556392 0.6700680272108843 0.055639097744360905 0.08843537414965986
0 0.9015037593984963 0.6723356009070295 0.04360902255639098 0.061224489795918366
0 0.549624060150376 0.6621315192743764 0.04661654135338346 0.07256235827664399
0 0.5180451127819549 0.7925170068027211 0.07067669172932331 0.10204081632653061
0 0.46766917293233085 0.6303854875283447 0.039097744360902256 0.05895691609977324
0 0.27593984962406015 0.7142857142857143 0.055639097744360905 0.09523809523809525
0 0.3466165413533835 0.6700680272108843 0.049624060150375945 0.07029478458049887
0 0.3015037593984963 0.5997732426303855 0.031578947368421054 0.05668934240362812
0 0.18721804511278198 0.6326530612244898 0.03759398496240602 0.05895691609977324
0 0.1849624060150376 0.5952380952380952 0.0330827067669173 0.04308390022675737
0 0.1511278195488722 0.5748299319727891 0.02255639097744361 0.034013605442176874
0 0.12631578947368421 0.5589569160997733 0.02406015037593985 0.034013605442176874
0 0.5323308270676692 0.5861678004535148 0.02105263157894737 0.02947845804988662
0 0.5842105263157895 0.5759637188208617 0.02556390977443609 0.031746031746031744
0 0.624812030075188 0.6224489795918368 0.03458646616541353 0.05215419501133787
0 0.6541353383458647 0.6666666666666666 0.039097744360902256 0.05895691609977324
0 0.6894736842105263 0.6133786848072562 0.028571428571428574 0.04308390022675737
0 0.7345864661654136 0.6519274376417233 0.03759398496240602 0.05668934240362812
0 0.755639097744361 0.5861678004535148 0.02556390977443609 0.03854875283446712
0 0.7225563909774436 0.590702947845805 0.028571428571428574 0.03854875283446712
0 0.9225563909774437 0.6213151927437642 0.03458646616541353 0.045351473922902494
0 0.9263157894736843 0.5351473922902494 0.02406015037593985 0.036281179138321996
0 0.81203007518797 0.5612244897959184 0.01804511278195489 0.02947845804988662
0 0.7909774436090226 0.562358276643991 0.02105263157894737 0.036281179138321996
0 0.662406015037594 0.5170068027210885 0.019548872180451128 0.031746031746031744
0 0.6909774436090226 0.5226757369614513 0.019548872180451128 0.02947845804988662
0 0.4127819548872181 0.6133786848072562 0.031578947368421054 0.04308390022675737
0 0.3759398496240602 0.5861678004535148 0.02406015037593985 0.034013605442176874
0 0.2661654135338346 0.5952380952380952 0.030075187969924814 0.04308390022675737
0 0.23834586466165414 0.5714285714285714 0.02556390977443609 0.036281179138321996
0 0.22030075187969927 0.5668934240362812 0.02255639097744361 0.036281179138321996
0 0.4789473684210527 0.5929705215419502 0.02556390977443609 0.034013605442176874
0 0.8729323308270677 0.5657596371882087 0.01654135338345865 0.024943310657596373
0 0.5669172932330827 0.5748299319727891 0.01804511278195489 0.024943310657596373
0 0.606015037593985 0.5612244897959184 0.02105263157894737 0.02947845804988662
0 0.6157894736842106 0.5736961451247166 0.019548872180451128 0.0272108843537415
0 0.6300751879699249 0.5408163265306123 0.015037593984962407 0.020408163265306124
0 0.6473684210526316 0.5759637188208617 0.02255639097744361 0.031746031746031744
0 0.7022556390977444 0.5521541950113379 0.015037593984962407 0.024943310657596373
0 0.7646616541353384 0.5589569160997733 0.01654135338345865 0.024943310657596373
0 0.4255639097744361 0.5714285714285714 0.02105263157894737 0.031746031746031744
0 0.40902255639097745 0.5861678004535148 0.02706766917293233 0.034013605442176874
0 0.4646616541353384 0.5816326530612245 0.02706766917293233 0.03854875283446712
0 0.487218045112782 0.5736961451247166 0.02105263157894737 0.031746031746031744
0 0.5398496240601504 0.5555555555555556 0.015037593984962407 0.0272108843537415
0 0.7353383458646617 0.5612244897959184 0.015037593984962407 0.020408163265306124
0 0.5278195488721805 0.6519274376417233 0.02706766917293233 0.05215419501133787
0 0.5639097744360902 0.536281179138322 0.012030075187969926 0.015873015873015872
0 0.5827067669172933 0.5374149659863946 0.01654135338345865 0.022675736961451247
0 0.4443609022556391 0.5657596371882087 0.019548872180451128 0.02947845804988662
0 0.780451127819549 0.6065759637188208 0.030075187969924814 0.03854875283446712
0 0.0406015037593985 0.8537414965986395 0.07819548872180451 0.14739229024943312
0 0.058646616541353384 0.7267573696145125 0.06917293233082707 0.10657596371882086
0 0.06090225563909775 0.6609977324263039 0.058646616541353384 0.05668934240362812
0 0.06390977443609024 0.6303854875283447 0.049624060150375945 0.049886621315192746
0 0.0699248120300752 0.5895691609977325 0.04360902255639098 0.045351473922902494
0 0.09323308270676692 0.5782312925170068 0.02706766917293233 0.036281179138321996
0 0.07969924812030076 0.5521541950113379 0.01804511278195489 0.02947845804988662
0 0.19323308270676692 0.5600907029478458 0.019548872180451128 0.0272108843537415
0 0.30601503759398496 0.5555555555555556 0.01654135338345865 0.022675736961451247
0 0.34962406015037595 0.5714285714285714 0.019548872180451128 0.031746031746031744
0 0.3315789473684211 0.5532879818594104 0.01654135338345865 0.022675736961451247
0 0.37894736842105264 0.5566893424036281 0.01804511278195489 0.024943310657596373
0 0.049624060150375945 0.4943310657596372 0.015037593984962407 0.0272108843537415
0 0.06090225563909775 0.5340136054421769 0.01654135338345865 0.024943310657596373
0 0.12105263157894737 0.5306122448979592 0.013533834586466165 0.018140589569160998
0 0.23458646616541354 0.5430839002267573 0.015037593984962407 0.020408163265306124
0 0.21954887218045113 0.5419501133786848 0.012030075187969926 0.018140589569160998
0 0.8428571428571429 0.6145124716553289 0.03759398496240602 0.04081632653061225
0 0.8210526315789474 0.63718820861678 0.030075187969924814 0.04081632653061225
0 0.9639097744360903 0.5804988662131519 0.01804511278195489 0.0272108843537415
0 0.9834586466165414 0.5839002267573696 0.02406015037593985 0.034013605442176874
0 0.9233082706766917 0.7233560090702948 0.06917293233082707 0.09523809523809525
0 0.41203007518796997 0.7142857142857143 0.05413533834586466 0.07709750566893424
0 0.3323308270676692 0.5839002267573696 0.02406015037593985 0.03854875283446712
0 0.8421052631578948 0.5600907029478458 0.015037593984962407 0.022675736961451247
0 0.8548872180451128 0.5600907029478458 0.01654135338345865 0.022675736961451247
0 0.9593984962406016 0.5521541950113379 0.012030075187969926 0.020408163265306124
0 0.8932330827067669 0.5634920634920635 0.01804511278195489 0.024943310657596373
0 0.6112781954887219 0.528344671201814 0.010526315789473686 0.018140589569160998
0 0.8233082706766918 0.5328798185941043 0.013533834586466165 0.018140589569160998
0 0.849624060150376 0.5385487528344671 0.012030075187969926 0.020408163265306124
