0 0.1391666666666667 0.4131403118040089 0.08166666666666667 0.10913140311804008
0 0.32916666666666666 0.4287305122494432 0.05166666666666667 0.08240534521158129
0 0.40166666666666667 0.45545657015590196 0.043333333333333335 0.051224944320712694
0 0.4425 0.44766146993318484 0.03833333333333334 0.05790645879732739
0 0.48750000000000004 0.42316258351893093 0.04833333333333334 0.07126948775055679
0 0.5533333333333333 0.4220489977728285 0.04 0.060133630289532294
0 0.5891666666666667 0.433184855233853 0.045000000000000005 0.06458797327394208
0 0.6725000000000001 0.4020044543429844 0.055 0.0779510022271715
0 0.8208333333333334 0.4420935412026726 0.03166666666666667 0.05567928730512249
0 0.8925000000000001 0.38307349665924273 0.058333333333333334 0.10244988864142539
1 0.03166666666666667 0.39643652561247217 0.060000000000000005 0.12026726057906459
1 0.265 0.44877505567928727 0.043333333333333335 0.060133630289532294
1 0.6258333333333334 0.45434298440979953 0.028333333333333335 0.035634743875278395
1 0.7733333333333334 0.4376391982182628 0.03666666666666667 0.04677060133630289
