0 0.465625 0.48055555555555557 0.037500000000000006 0.07777777777777778
0 0.5453125 0.5666666666666667 0.059375000000000004 0.11666666666666667
0 0.6359375 0.5069444444444444 0.06875 0.13055555555555556
0 0.6976562500000001 0.5236111111111111 0.0578125 0.09722222222222222
0 0.7992187500000001 0.5388888888888889 0.08281250000000001 0.15555555555555556
0 0.84140625 0.5041666666666667 0.0421875 0.09722222222222222
0 0.8703125 0.5222222222222223 0.037500000000000006 0.06666666666666667
0 0.90546875 0.5652777777777778 0.035937500000000004 0.08055555555555556
0 0.9460937500000001 0.5444444444444445 0.051562500000000004 0.10555555555555556
0 0.9796875 0.5388888888888889 0.040625 0.11111111111111112
