0 0.15166666666666667 0.3932038834951456 0.15000000000000002 0.24271844660194172
0 0.2783333333333334 0.3859223300970873 0.10333333333333335 0.17961165048543687
0 0.41500000000000004 0.38834951456310673 0.09666666666666668 0.16504854368932037
0 0.5416666666666667 0.38834951456310673 0.09000000000000001 0.14563106796116504
0 0.7266666666666667 0.41019417475728154 0.07333333333333333 0.13106796116504854
0 0.77 0.44417475728155337 0.08666666666666667 0.15048543689320387
0 0.9550000000000001 0.35922330097087374 0.09000000000000001 0.1844660194174757
0 0.7216666666666667 0.23543689320388347 0.030000000000000002 0.04368932038834951
0 0.9166666666666667 0.05339805825242718 0.02666666666666667 0.038834951456310676
0 0.8533333333333334 0.13349514563106796 0.02666666666666667 0.04368932038834951
0 0.785 0.23300970873786406 0.030000000000000002 0.038834951456310676
0 0.5650000000000001 0.23300970873786406 0.030000000000000002 0.04854368932038834
0 0.51 0.21844660194174756 0.03333333333333333 0.04854368932038834
0 0.4366666666666667 0.2378640776699029 0.02666666666666667 0.04854368932038834
0 0.315 0.21359223300970873 0.030000000000000002 0.04854368932038834
0 0.13333333333333333 0.2233009708737864 0.04 0.058252427184466014
0 0.10166666666666667 0.16504854368932037 0.03666666666666667 0.06796116504854369
