0 0.0325 0.3616666666666667 0.06 0.11666666666666667
0 0.08625000000000001 0.35833333333333334 0.0525 0.09000000000000001
0 0.055 0.325 0.045 0.07
0 0.71875 0.3616666666666667 0.0775 0.13
0 0.855 0.3466666666666667 0.075 0.12000000000000001
0 0.6375000000000001 0.31 0.05 0.07333333333333333
0 0.54625 0.3416666666666667 0.0525 0.09000000000000001
0 0.4275 0.33166666666666667 0.04 0.06333333333333334
0 0.41500000000000004 0.30833333333333335 0.03 0.05666666666666667
0 0.34375 0.33 0.0425 0.08
0 0.2225 0.335 0.055 0.09666666666666668
0 0.31625000000000003 0.31 0.0425 0.060000000000000005
0 0.19 0.33166666666666667 0.035 0.07666666666666667
