0 0.089375 0.3665297741273101 0.08125 0.14989733059548255
0 0.195625 0.42299794661190965 0.07125000000000001 0.1273100616016427
0 0.195 0.3182751540041068 0.07 0.11909650924024641
0 0.28875 0.3860369609856263 0.065 0.13552361396303902
0 0.325625 0.4127310061601643 0.03875 0.10266940451745381
0 0.345625 0.4014373716632444 0.04125 0.11704312114989733
0 0.398125 0.4260780287474333 0.06375 0.12114989733059549
0 0.44875 0.45687885010266943 0.05 0.10882956878850103
0 0.604375 0.4127310061601643 0.04625 0.11088295687885011
0 0.6275000000000001 0.3665297741273101 0.06 0.12114989733059549
0 0.6725 0.3624229979466119 0.0475 0.10882956878850103
0 0.725625 0.38398357289527724 0.05375 0.10677618069815195
0 0.76375 0.3757700205338809 0.0425 0.09856262833675565
0 0.8425 0.4373716632443532 0.05 0.10266940451745381
0 0.88625 0.4260780287474333 0.05 0.09650924024640657
0 0.9343750000000001 0.43121149897330596 0.043750000000000004 0.09856262833675565
1 0.533125 0.4024640657084189 0.06125 0.11088295687885011
1 0.02125 0.43326488706365507 0.04 0.10266940451745381
0 0.256875 0.3757700205338809 0.04125 0.09856262833675565
